1.3587106858093205
0.053968712532257525
0.16597490379896712
0.19220364076990668
0.20179999434915968
0.19707759292723445
0.1770556940907385
0.14805081755815802
0.1284996105041074
0.12006583286001969
0.1111947957630295
0.10260579189072316
0.09499867445486608
0.08831371692054787
0.08222854289694206
0.07625944057652252
0.07002359054427063
0.06335953083299015
0.0563496075542193
0.04924320256391666
0.04234599677376799
0.03592992005220921
0.030188125914829948
0.02522754416769232
0.02108051072906883
0.017722073511293988
0.015087311414035154
0.01308709772183917
0.01162179434779874
0.01059230584377433
0.009907910945620973
0.009490665496047187
0.009276762746930923
0.00921571256407082
0.009268347843190139
0.009404499010571662
0.00960085921186966
0.009839261864700214
0.010105394006030085
0.010387876071923728
0.010677615513919228
0.010967351256264246
0.01125132545323317
0.01152503790936305
0.011785053566169514
0.01202884432006554
0.01225465379400715
0.012461378423929206
0.01264846114420061
0.01281579568966514
0.01296364051322427
0.013092541831917286
0.013203265539245699
0.013296737769425387
0.013373993844394898
0.013436135228155646
0.01348429399182239
0.013519604181702182
0.013543179397438203
0.013556095835485367
0.01355938003639353
0.013554000589516247
0.013540863089990564
0.013520807703038044
0.013494608762619802
0.013462975908788626
0.013426556345455058
0.013385937873827868
0.013341652423918209
0.013294179865765001
0.01324395193290641
0.01319135613320203
0.013136739556959041
0.013080412520233096
0.013022652003088287
0.012963704859439143
0.012903790787751933
0.012843105061151931
0.012781821022064571
0.012720092351006
0.01265805512201889
0.01259582965892251
0.012533522207327688
0.01247122643750859
0.012409024792915311
0.012346989698503168
0.012285184642256098
0.012223665142373915
0.012162479611638025
0.01210167012950632
0.012041273131547504
0.011981320024925262
0.011921837737795546
0.01186284920969305
0.011804373829257586
0.011746427824988338
0.011689024614111755
0.011632175114103988
0.01157588802091762
0.011520170057523382
0.011465026195981231
0.011410459855903547
0.011356473081858682
0.011303066701982084
0.01125024046981293
0.01119799319115251
0.011146322837542846
0.011095226647788711
0.011044701218791211
0.010994742586821307
0.010945346300240407
0.010896507484564605
0.010848220900673566
0.010800480996877294
0.010753281955479001
0.010706617734403203
0.010660482104398013
0.0106148686822666
0.01056977096053478
0.01052518233391915
0.010481096122921979
0.010437505594844904
0.010394403982483716
0.010351784500739125
0.01030964036135427
0.010267964785968003
0.010226751017654724
0.010185992331102508
0.010145682041567659
0.010105813512728596
0.010066380163550737
0.010027375474261772
0.009988792991528005
0.009950626332912375
0.009912869190687507
0.009875515335069581
0.009838558616932612
0.009801992970056406
0.009765812412956492
0.009730011050340298
0.009694583074227808
0.00965952276477345
0.009624824490820104
0.009590482710215316
0.009556491969914566
0.009522846905896797
0.009489542242911812
0.009456572794080092
0.009423933460361827
0.009391619229910721
0.009359625177327285
0.00932794646282362
0.009296578331312108
0.00926551611142748
0.009234755214492258
0.009204291133434015
0.009174119441661271
0.009144235791906253
0.009114635915038995
0.009085315618859939
0.009056270786874493
0.009027497377055407
0.008998991420595532
0.008970749020655979
0.008942766351111311
0.008915039655296253
0.008887565244754763
0.008860339497995081
0.008833358859252011
0.008806619837258145
0.00878011900402613
0.008753852993642468
0.008727818501075008
0.008702012280994226
0.00867643114660979
0.008651071968522871
0.008625931673594893
0.008601007243833251
0.008576295715294493
0.008551794177005198
0.008527499769900889
0.008503409685783147
0.008479521166295254
0.008455831501916113
0.008432338030972743
0.008409038138671429
0.008385929256146963
0.008363008859530868
0.008340274469037172
0.00831772364806696
0.00829535400233057
0.008273163178987719
0.00825114886580516
0.008229308790331825
0.00820764071909108
0.008186142456789917
0.008164811845544814
0.008143646764124143
0.008122645127206465
0.008101804884655058
0.008081124020807679
0.008060600553781995
0.00804023253479603
0.00802001804750299
0.00799995520734122
0.007980042160897769
0.00796027708528631
0.00794065818753843
0.007921183704008494
0.007901851899791363
0.00788266106815322
0.007863609529974698
0.00784469563320632
0.007825917752336077
0.007807274287868567
0.007788763665815914
0.00777038433719938
0.007752134777562704
0.007734013486495435
0.00771601898716734
0.0076981498258726555
0.007680404571584635
0.007662781815519724
0.007645280170711399
0.007627898271593348
0.00761063477359163
0.0075934883527259914
0.007576457705219786
0.00755954154711831
0.007542738613915542
0.0075260476601892124
0.007509467459243223
0.007492996802758512
0.0074766345004508685
0.007460379379736677
0.007444230285405243
0.007428186079298961
0.007412245639999425
0.007396407862521217
0.007380671658011331
0.007365035953455765
0.007349499691391913
0.007334061829627182
0.007318721340963628
0.007303477212928325
0.007288328447509529
0.0072732740608981925
0.007258313083235282
0.007243444558363824
0.007228667543586718
0.007213981109429207
0.007199384339406445
0.007184876329795777
0.0071704561894139155
0.007156123039398486
0.0071418760129941875
0.007127714255343381
0.007113636923280869
0.007099643185132903
0.00708573222052026
0.007071903220165448
0.0070581553857034735
0.007044487929496996
0.007030900074454439
0.007017391053852729
0.007003960111162404
0.006990606499877486
0.006977329483347571
0.006964128334614102
0.00695100233624954
0.00693795078019954
0.006924972967628755
0.006912068208769028
0.006899235822771076
0.0068864751375588415
0.006873785489686682
0.006861166224199351
0.006848616694494705
0.006836136262189154
0.006823724296985373
0.0068113801765431175
0.006799103286351812
0.006786893019606241
0.00677474877708415
0.00676266996702634
0.006750656005019013
0.00673870631387846
0.0067268203235374795
0.0067149974709346995
0.00670323719990506
0.006691538961073145
0.0066799022117478846
0.0066683264158197
0.006656811043659127
0.006645355572017658
0.006633959483930135
0.006622622268619105
0.006611343421400901
0.006600122443593332
0.006588958842425208
0.0065778521309472916
0.006566801827945159
0.006555807457853323
0.006544868550671073
0.006533984641879872
0.006523155272361905
0.006512379988320674
0.006501658341202315
0.006490989887618811
0.006480374189272414
0.006469810812881251
0.006459299330106428
0.006448839317480417
0.006438430356336462
0.006428072032739509
0.00641776393741812
0.006407505665697728
0.006397296817434849
0.006387136996952584
0.006377025812977291
0.006366962878576047
0.006356947811095496
0.006346980232101624
0.0063370597673203235
0.006327186046579569
0.0063173587037517786
0.006307577376697812
0.006297841707211477
0.006288151340965315
0.006278505927456946
0.006268905119956532
0.0062593485754550435
0.0062498359546133975
0.006240366921712502
0.006230941144603871
0.006221558294661366
0.0062122180467335105
0.006202920079096856
0.006193664073409574
0.006184449714666507
0.006175276691154218
0.006166144694407521
0.006157053419165986
0.006148002563331697
0.006138991827927343
0.0061300209170551245
0.006121089537856401
0.0061121974004716886
0.006103344218001681
0.0060945297064685065
0.006085753584777814
0.0060770155746815765
0.006068315400741016
0.006059652790290655
0.006051027473402645
0.0060424391828514685
0.006033887654079748
0.0060253726251639226
0.006016893836780992
0.006008451032175419
0.006000043957126787
0.0059916723599177345
0.00598333599130248
0.005975034604475995
0.005966767955043296
0.00595853580098941
0.005950337902649897
0.005942174022681642
0.005934043926033861
0.005925947379920418
0.005917884153791296
0.005909854019305573
0.005901856750304256
0.005893892122783584
0.005885959914868801
0.005878059906788481
0.00587019188084873
0.005862355621408341
0.005854550914853954
0.005846777549575669
0.005839035315943065
0.005831324006281523
0.005823643414848888
0.005815993337812526
0.005808373573226522
0.005800783921009528
0.005793224182922781
0.00578569416254802
0.005778193665266749
0.005770722498238473
0.005763280470380424
0.005755867392346842
0.005748483076508831
0.005741127336934446
0.0057337999893690315
0.005726500851215957
0.005719229741517376
0.005711986480935653
0.005704770891734482
0.005697582797760943
0.005690422024427104
0.005683288398692636
0.005676181749046789
0.005669101905491535
0.005662048699524192
0.005655021964120705
0.005648021533719096
0.005641047244202994
0.005634098932885446
0.005627176438493184
0.005620279601150637
0.005613408262364637
0.005606562265008994
0.005599741453309507
0.0055929456728289785
0.005586174770452497
0.005579428594373172
0.0055727069940775115
0.005566009820331547
0.005559336925166804
0.0055526881618666105
0.005546063384952502
0.005539462450170805
0.005532885214479588
0.005526331536035431
0.005519801274180698
0.005513294289430813
0.005506810443461685
0.005500349599097416
0.005493911620298067
0.005487496372147528
0.005481103720841816
0.005474733533677101
0.0054683856790383465
0.005462060026387675
0.0054557564462532305
0.005449474810217882
0.005443214990908377
0.0054369768619843065
0.005430760298127531
0.005424565175031447
0.005418391369390574
0.005412238758890379
0.005406107222196726
0.005399996638946224
0.005393906889735903
0.0053878378561136725
0.005381789420568419
0.0053757614665206205
0.005369753878312681
0.005363766541199682
0.0053577993413403205
0.005351852165787338
0.005345924902479128
0.005340017440230274
0.005334129668723167
0.0053282614784990485
0.0053224127609496985
0.005316583408308724
0.005310773313643395
0.005304982370846169
0.005299210474626758
0.005293457520503924
0.005287723404797516
0.005282008024620585
0.005276311277871726
0.005270633063227206
0.005264973280133584
0.005259331828799956
0.005253708610190752
0.005248103526018279
0.005242516478735614
0.005236947371529247
0.005231396108312242
0.005225862593716966
0.005220346733088614
0.005214848432477755
0.005209367598634317
0.005203904139000259
0.005198457961703491
0.005193028975550894
0.005187617090022413
0.005182222215264111
0.005176844262082417
0.0051714831419375565
0.005166138766937433
0.00516081104983182
0.005155499904005943
0.005150205243474944
0.0051449269828777
0.005139665037471185
0.005134419323124711
0.0051291897563142145
0.00512397625411658
0.0051187787342043605
0.005113597114839906
0.005108431314870294
0.005103281253721737
0.0050981468513943695
0.005093028028457026
Model([Layer { weights: [[-6.185020668209293, -6.254465309115879], [-2.0712851657669944, -2.071801629131019]], biases: [0.0, 0.0], activation: Sigmoid }, Layer { weights: [[-8.851300075332176, 8.857981054149805]], biases: [0.0, 0.0], activation: None }])
0 XOR 0  = 0.0033404894088144843, test cost = 0.000011158869490401744
1 XOR 0  = 0.9731817754082074 test cost = 0.0007192171702558302
1 XOR 1  = 0.13837744115186384 test cost = 0.019148316219737543
